#Residue in Purple denoted driving residues
>P28515
Pos	AA	Prob	DRegion
1	M	-	0
2	D	-	0
3	Y	-	0
4	E	-	0
5	G	-	0
6	K	-	0
7	P	-	0
8	V	-	0
9	E	-	0
10	F	-	0
11	T	0.828	0
12	L	0.829	0
13	G	0.828	0
14	T	0.827	0
15	S	0.827	0
16	S	0.827	0
17	G	0.828	0
18	G	0.832	0
19	A	0.832	0
20	S	0.833	0
21	L	0.829	0
22	A	0.832	0
23	P	0.832	0
24	T	0.833	0
25	S	0.830	0
26	S	0.830	0
27	T	0.830	0
28	T	0.830	0
29	A	0.831	0
30	A	0.835	0
31	S	0.835	0
32	I	0.832	0
33	A	0.833	0
34	P	0.834	0
35	F	0.835	0
36	S	0.836	0
37	Y	0.836	0
38	N	0.836	0
39	T	0.836	0
40	S	0.833	0
41	A	0.833	0
42	T	0.833	0
43	N	0.832	0
44	Y	0.830	0
45	Y	0.833	0
46	N	0.833	0
47	T	0.833	0
48	T	0.834	0
49	P	0.832	0
50	S	0.831	0
51	S	0.829	0
52	Y	0.829	0
53	P	0.828	0
54	M	0.829	0
55	F	0.831	0
56	L	0.832	0
57	N	0.830	0
58	Y	0.830	0
59	Q	0.830	0
60	Y	0.831	0
61	A	0.832	0
62	G	0.831	0
63	G	0.833	0
64	T	0.835	0
65	T	0.833	0
66	V	0.831	0
67	T	0.832	0
68	T	0.831	0
69	D	0.831	0
70	M	0.833	0
71	D	0.834	0
72	A	0.835	0
73	F	0.837	0
74	S	0.837	0
75	G	0.837	0
76	M	0.834	0
77	D	0.835	0
78	M	0.835	0
79	S	0.835	0
80	M	0.835	0
81	N	0.833	0
82	N	0.834	0
83	G	0.834	0
84	V	0.833	0
85	F	0.833	0
86	G	0.833	0
87	T	0.833	0
88	Q	0.834	0
89	N	0.834	0
90	N	0.834	0
91	P	0.835	0
92	S	0.835	0
93	Y	0.833	0
94	F	0.835	0
95	Y	0.833	0
96	P	0.832	0
97	T	0.834	0
98	T	0.834	0
99	Q	0.835	0
100	L	0.833	0
101	N	0.833	0
102	T	0.834	0
103	Y	0.834	0
104	G	0.834	0
105	Y	0.835	0
106	D	0.833	0
107	T	0.836	0
108	L	0.837	0
109	A	0.837	0
110	A	0.837	0
111	A	0.838	0
112	T	0.838	0
113	T	0.835	0
114	A	0.836	0
115	S	0.839	0
116	G	0.839	0
117	I	0.838	0
118	T	0.838	0
119	V	0.837	0
120	N	0.838	0
121	N	0.838	0
122	N	0.838	0
123	Q	0.838	0
124	L	0.835	0
125	N	0.836	0
126	V	0.836	0
127	N	0.839	0
128	I	0.832	0
129	V	0.832	0
130	Q	0.831	0
131	G	0.832	0
132	N	0.832	0
133	G	0.831	0
134	T	0.832	0
135	I	0.835	0
136	V	0.835	0
137	P	0.835	0
138	Q	0.836	0
139	P	0.835	0
140	I	0.838	0
141	T	0.837	0
142	Q	0.838	0
143	N	0.836	0
144	I	0.839	0
145	I	0.838	0
146	S	0.836	0
147	T	0.835	0
148	V	0.838	0
149	S	0.838	0
150	N	0.841	0
151	V	0.841	0
152	Q	0.839	0
153	S	0.838	0
154	S	0.839	0
155	V	0.838	0
156	P	0.837	0
157	I	0.836	0
158	N	0.833	0
159	N	0.835	0
160	S	0.835	0
161	Q	0.833	0
162	P	0.834	0
163	L	0.835	0
164	T	0.835	0
165	P	0.835	0
166	T	0.835	0
167	G	0.836	0
168	L	0.833	0
169	A	0.833	0
170	G	0.832	0
171	C	0.832	0
172	S	0.833	0
173	T	0.834	0
174	S	0.832	0
175	S	0.832	0
176	G	0.833	0
177	S	0.834	0
178	S	0.835	0
179	S	0.834	0
180	A	0.833	0
181	S	0.836	0
182	S	0.833	0
183	S	0.832	0
184	S	0.833	0
185	A	0.832	0
186	N	0.835	0
187	S	0.836	0
188	T	0.834	0
189	S	0.835	0
190	T	0.836	0
191	P	0.836	0
192	K	0.836	0
193	N	0.836	0
194	T	0.835	0
195	I	0.834	0
196	S	0.834	0
197	K	0.834	0
198	A	0.835	0
199	N	0.835	0
200	R	0.833	0
201	S	0.834	0
202	S	0.836	0
203	G	0.836	0
204	G	0.833	0
205	A	0.834	0
206	N	0.833	0
207	N	0.831	0
208	S	0.831	0
209	Q	0.833	0
210	F	0.833	0
211	S	0.832	0
212	T	0.831	0
213	E	0.833	0
214	D	0.833	0
215	R	0.834	0
216	E	0.836	0
217	C	0.834	0
218	V	0.834	0
219	N	0.834	0
220	C	0.833	0
221	G	0.834	0
222	V	0.833	0
223	H	0.830	0
224	N	0.831	0
225	T	0.830	0
226	P	0.830	0
227	L	0.830	0
228	W	0.831	0
229	R	0.831	0
230	R	0.831	0
231	D	0.832	0
232	G	0.832	0
233	S	0.834	0
234	G	0.836	0
235	N	0.834	0
236	Y	0.833	0
237	L	0.834	0
238	C	0.834	0
239	N	0.833	0
240	A	0.833	0
241	C	0.832	0
242	G	0.834	0
243	L	0.836	0
244	Y	0.833	0
245	F	0.835	0
246	K	0.835	0
247	M	0.836	0
248	N	0.833	0
249	H	0.832	0
250	H	0.832	0
251	A	0.832	0
252	R	0.831	0
253	P	0.830	0
254	L	0.830	0
255	V	0.829	0
256	K	0.828	0
257	P	0.828	0
258	K	0.830	0
259	K	0.830	0
260	R	0.829	0
261	Q	0.831	0
262	Q	0.830	0
263	N	0.830	0
264	A	0.832	0
265	Q	0.831	0
266	K	0.831	0
267	R	0.830	0
268	T	0.832	0
269	G	0.834	0
270	I	0.834	0
271	E	0.837	0
272	C	0.836	0
273	V	0.837	0
274	N	0.837	0
275	C	0.837	0
276	R	0.838	0
277	T	0.838	0
278	N	0.838	0
279	T	0.837	0
280	T	0.837	0
281	T	0.837	0
282	L	0.835	0
283	W	0.835	0
284	R	0.835	0
285	R	0.835	0
286	N	0.836	0
287	G	0.835	0
288	E	0.834	0
289	G	0.836	0
290	H	0.835	0
291	P	0.833	0
292	V	0.832	0
293	C	0.832	0
294	N	0.831	0
295	A	0.831	0
296	C	0.830	0
297	G	0.830	0
298	L	0.830	0
299	Y	0.830	0
300	F	0.833	0
301	K	0.834	0
302	L	0.832	0
303	H	0.834	0
304	K	0.833	0
305	V	0.832	0
306	E	0.833	0
307	R	0.834	0
308	P	0.835	0
309	I	0.832	0
310	T	0.833	0
311	M	0.834	0
312	K	0.833	0
313	K	0.833	0
314	D	0.834	0
315	G	0.836	0
316	I	0.835	0
317	Q	0.836	0
318	T	0.836	0
319	R	0.835	0
320	N	0.835	0
321	R	0.832	0
322	K	0.832	0
323	L	0.832	0
324	S	0.832	0
325	A	0.831	0
326	K	0.835	0
327	G	0.831	0
328	S	0.828	0
329	R	0.828	0
330	R	0.827	0
331	M	0.827	0
332	K	0.827	0
333	K	0.827	0
334	E	0.828	0
335	N	0.828	0
336	G	0.826	0
337	G	0.828	0
338	T	0.829	0
339	P	0.829	0
340	T	0.829	0
341	S	0.831	0
342	M	0.834	0
343	G	0.832	0
344	M	0.834	0
345	P	0.835	0
346	T	0.834	0
347	T	0.834	0
348	S	0.836	0
349	S	0.833	0
350	S	0.837	0
351	I	0.837	0
352	S	0.836	0
353	S	0.836	0
354	G	0.837	0
355	I	0.836	0
356	E	0.836	0
357	L	0.836	0
358	D	0.836	0
359	Q	0.837	0
360	S	0.836	0
361	G	0.835	0
362	V	0.834	0
363	W	0.835	0
364	G	0.832	0
365	M	0.833	0
366	K	0.828	0
367	N	0.830	0
368	T	0.829	0
369	Q	0.830	0
370	P	0.829	0
371	M	0.830	0
372	L	0.828	0
373	M	0.827	0
374	T	0.829	0
375	P	0.831	0
376	T	0.829	0
377	A	0.832	0
378	Y	0.829	0
379	A	0.829	0
380	F	0.831	0
381	P	0.833	0
382	A	0.833	0
383	S	0.830	0
384	N	0.832	0
385	F	0.831	0
386	Y	0.832	0
387	F	0.832	0
388	N	0.832	1
389	S	0.833	1
390	I	0.832	1
391	E	0.831	1
392	D	0.831	1
393	Q	0.830	1
394	L	0.830	1
395	E	0.830	1
396	Y	0.830	1
397	K	0.828	1
398	T	0.827	1
399	C	0.827	1
400	P	0.826	1
401	P	0.825	1
402	M	0.825	1
403	M	0.828	1
404	V	0.829	1
405	D	0.829	1
406	F	0.830	1
407	G	0.831	1
408	G	0.831	1
409	Q	0.831	1
410	M	0.830	1
411	K	0.831	1
412	N	0.831	1
413	L	0.831	0
414	N	0.829	0
415	L	0.829	0
416	N	0.829	1
417	M	0.829	1
418	D	0.829	1
419	Y	0.835	1
420	E	0.834	1
421	G	0.833	1
422	K	0.833	1
423	P	0.834	1
424	V	0.831	1
425	E	0.830	1
426	F	0.827	1
427	T	0.827	1
428	L	0.828	1
429	G	0.828	1
430	T	0.827	1
431	S	0.827	1
432	S	0.827	1
433	G	0.828	1
434	G	0.832	1
435	A	0.832	1
436	S	0.833	1
437	L	0.829	1
438	A	0.832	1
439	P	0.832	1
440	T	0.833	1
441	S	0.830	1
442	S	0.830	1
443	T	0.830	0
444	T	0.830	0
445	A	0.831	0
446	A	0.835	0
447	S	0.835	0
448	I	0.832	0
449	A	0.833	0
450	P	0.834	0
451	F	0.835	0
452	S	0.836	0
453	Y	0.836	0
454	N	0.836	0
455	T	0.836	0
456	S	0.833	0
457	A	0.833	0
458	T	0.833	0
459	N	0.832	0
460	Y	0.830	0
461	Y	0.833	0
462	N	0.833	0
463	T	0.833	0
464	T	0.834	0
465	P	0.832	0
466	S	0.831	0
467	S	0.829	0
468	Y	0.829	0
469	P	0.828	0
470	M	0.829	0
471	F	0.831	0
472	L	0.832	0
473	N	0.830	0
474	Y	0.830	0
475	Q	0.830	0
476	Y	0.831	0
477	A	0.832	0
478	G	0.831	0
479	G	0.833	0
480	T	0.835	0
481	T	0.833	0
482	V	0.831	0
483	T	0.832	0
484	T	0.831	0
485	D	0.831	0
486	M	0.833	0
487	D	0.834	0
488	A	0.835	0
489	F	0.837	0
490	S	0.837	0
491	G	0.837	0
492	M	0.834	0
493	D	0.835	0
494	M	0.835	0
495	S	0.835	0
496	M	0.835	0
497	N	0.833	0
498	N	0.834	0
499	G	0.834	0
500	V	0.833	0
501	F	0.833	0
502	G	0.833	0
503	T	0.833	0
504	Q	0.834	0
505	N	0.834	0
506	N	0.834	0
507	P	0.835	0
508	S	0.835	0
509	Y	0.833	0
510	F	0.835	0
511	Y	0.833	0
512	P	0.832	0
513	T	0.834	0
514	T	0.834	0
515	Q	0.835	0
516	L	0.833	0
517	N	0.833	0
518	T	0.834	0
519	Y	0.834	0
520	G	0.834	0
521	Y	0.835	0
522	D	0.833	0
523	T	0.836	0
524	L	0.837	0
525	A	0.837	0
526	A	0.837	0
527	A	0.838	0
528	T	0.838	0
529	T	0.835	0
530	A	0.836	0
531	S	0.839	0
532	G	0.839	0
533	I	0.838	0
534	T	0.838	0
535	V	0.837	0
536	N	0.838	0
537	N	0.838	0
538	N	0.838	0
539	Q	0.838	0
540	L	0.835	0
541	N	0.836	0
542	V	0.836	0
543	N	0.839	0
544	I	0.832	0
545	V	0.832	0
546	Q	0.831	0
547	G	0.832	0
548	N	0.832	0
549	G	0.831	0
550	T	0.832	0
551	I	0.835	0
552	V	0.835	0
553	P	0.835	0
554	Q	0.836	0
555	P	0.835	0
556	I	0.838	0
557	T	0.837	0
558	Q	0.838	0
559	N	0.836	0
560	I	0.839	0
561	I	0.838	0
562	S	0.836	0
563	T	0.835	0
564	V	0.838	0
565	S	0.838	0
566	N	0.841	0
567	V	0.841	0
568	Q	0.839	0
569	S	0.838	0
570	S	0.839	0
571	V	0.838	0
572	P	0.837	0
573	I	0.836	0
574	N	0.833	0
575	N	0.835	0
576	S	0.835	0
577	Q	0.833	0
578	P	0.834	0
579	L	0.835	0
580	T	0.835	0
581	P	0.835	0
582	T	0.835	0
583	G	0.836	0
584	L	0.833	0
585	A	0.833	0
586	G	0.832	0
587	C	0.832	0
588	S	0.833	0
589	T	0.834	0
590	S	0.832	0
591	S	0.832	0
592	G	0.833	0
593	S	0.834	0
594	S	0.835	0
595	S	0.834	0
596	A	0.833	0
597	S	0.836	0
598	S	0.833	0
599	S	0.832	0
600	S	0.833	0
601	A	0.832	0
602	N	0.835	0
603	S	0.836	0
604	T	0.834	0
605	S	0.835	0
606	T	0.836	0
607	P	0.836	0
608	K	0.836	0
609	N	0.836	0
610	T	0.835	0
611	I	0.834	0
612	S	0.834	0
613	K	0.834	0
614	A	0.835	0
615	N	0.835	0
616	R	0.833	0
617	S	0.834	0
618	S	0.836	0
619	G	0.836	0
620	G	0.833	0
621	A	0.834	0
622	N	0.833	0
623	N	0.831	0
624	S	0.831	0
625	Q	0.833	0
626	F	0.833	0
627	S	0.832	0
628	T	0.831	0
629	E	0.833	0
630	D	0.833	0
631	R	0.834	0
632	E	0.836	0
633	C	0.834	0
634	V	0.834	0
635	N	0.834	0
636	C	0.833	0
637	G	0.834	0
638	V	0.833	0
639	H	0.830	0
640	N	0.831	0
641	T	0.830	0
642	P	0.830	0
643	L	0.830	0
644	W	0.831	0
645	R	0.831	0
646	R	0.831	0
647	D	0.832	0
648	G	0.832	0
649	S	0.834	0
650	G	0.836	0
651	N	0.834	0
652	Y	0.833	0
653	L	0.834	0
654	C	0.834	0
655	N	0.833	0
656	A	0.833	0
657	C	0.832	0
658	G	0.834	0
659	L	0.836	0
660	Y	0.833	0
661	F	0.835	0
662	K	0.835	0
663	M	0.836	0
664	N	0.833	0
665	H	0.832	0
666	H	0.832	0
667	A	0.832	0
668	R	0.831	0
669	P	0.830	0
670	L	0.830	0
671	V	0.829	0
672	K	0.828	0
673	P	0.828	0
674	K	0.830	0
675	K	0.830	0
676	R	0.829	0
677	Q	0.831	0
678	Q	0.830	0
679	N	0.830	0
680	A	0.832	0
681	Q	0.831	0
682	K	0.831	0
683	R	0.830	0
684	T	0.832	0
685	G	0.834	0
686	I	0.834	0
687	E	0.837	0
688	C	0.836	0
689	V	0.837	0
690	N	0.837	0
691	C	0.837	0
692	R	0.838	0
693	T	0.838	0
694	N	0.838	0
695	T	0.837	0
696	T	0.837	0
697	T	0.837	0
698	L	0.835	0
699	W	0.835	0
700	R	0.835	0
701	R	0.835	0
702	N	0.836	0
703	G	0.835	0
704	E	0.834	0
705	G	0.836	0
706	H	0.835	0
707	P	0.833	0
708	V	0.832	0
709	C	0.832	0
710	N	0.831	0
711	A	0.831	0
712	C	0.830	0
713	G	0.830	0
714	L	0.830	0
715	Y	0.830	0
716	F	0.833	0
717	K	0.834	0
718	L	0.832	0
719	H	0.834	0
720	K	0.833	0
721	V	0.832	0
722	E	0.833	0
723	R	0.834	0
724	P	0.835	0
725	I	0.832	0
726	T	0.833	0
727	M	0.834	0
728	K	0.833	0
729	K	0.833	0
730	D	0.834	0
731	G	0.836	0
732	I	0.835	0
733	Q	0.836	0
734	T	0.836	0
735	R	0.835	0
736	N	0.835	0
737	R	0.832	0
738	K	0.832	0
739	L	0.832	0
740	S	0.832	0
741	A	0.831	0
742	K	0.835	0
743	G	0.831	0
744	S	0.828	0
745	R	0.828	0
746	R	0.827	0
747	M	0.827	0
748	K	0.827	0
749	K	0.827	0
750	E	0.828	0
751	N	0.828	0
752	G	0.826	0
753	G	0.828	0
754	T	0.829	0
755	P	0.829	0
756	T	0.829	0
757	S	0.831	0
758	M	0.834	0
759	G	0.832	0
760	M	0.834	0
761	P	0.835	0
762	T	0.834	0
763	T	0.834	0
764	S	0.836	0
765	S	0.833	0
766	S	0.837	0
767	I	0.837	0
768	S	0.836	0
769	S	0.836	0
770	G	0.837	0
771	I	0.836	0
772	E	0.836	0
773	L	0.836	0
774	D	0.836	0
775	Q	0.837	0
776	S	0.836	0
777	G	0.835	0
778	V	0.834	0
779	W	0.835	0
780	G	0.832	0
781	M	0.833	0
782	K	0.828	0
783	N	0.830	0
784	T	0.829	0
785	Q	0.830	0
786	P	0.829	0
787	M	0.830	0
788	L	0.828	0
789	M	0.827	0
790	T	0.829	0
791	P	0.831	0
792	T	0.829	0
793	A	0.832	0
794	Y	0.829	0
795	A	0.829	0
796	F	0.831	0
797	P	0.833	0
798	A	0.833	0
799	S	0.830	0
800	N	0.832	0
801	F	0.831	0
802	Y	0.832	0
803	F	0.832	0
804	N	0.832	1
805	S	0.833	1
806	I	0.832	1
807	E	0.831	1
808	D	0.831	1
809	Q	0.830	1
810	L	0.830	1
811	E	0.830	1
812	Y	0.830	1
813	K	0.828	1
814	T	0.827	1
815	C	0.827	1
816	P	0.826	1
817	P	0.825	1
818	M	0.825	1
819	M	0.828	1
820	V	0.829	1
821	D	0.829	1
822	F	0.831	1
823	G	0.830	1
824	G	-	1
825	Q	-	1
826	M	-	1
827	K	-	1
828	N	-	1
829	L	-	0
830	N	-	0
831	L	-	0
832	N	-	0

#Residue in Purple denoted driving residues
>B7WN96
Pos	AA	Prob	DRegion
1	M	-	0
2	E	-	1
3	T	-	1
4	A	-	1
5	N	-	1
6	Y	-	1
7	Y	-	1
8	L	-	1
9	P	-	1
10	S	-	1
11	P	0.469	1
12	P	0.462	1
13	Y	0.462	1
14	S	0.468	1
15	S	0.474	1
16	T	0.474	1
17	S	0.473	1
18	S	0.472	1
19	S	0.455	1
20	D	0.455	1
21	S	0.470	1
22	R	0.470	1
23	E	0.465	1
24	S	0.469	1
25	R	0.468	1
26	M	0.468	1
27	N	0.481	1
28	T	0.496	1
29	P	0.491	1
30	I	0.500	1
31	P	0.502	1
32	T	0.502	1
33	T	0.516	1
34	Y	0.508	1
35	S	0.504	1
36	E	0.518	0
37	E	0.518	0
38	N	0.535	0
39	V	0.535	0
40	N	0.533	0
41	S	0.519	0
42	L	0.513	0
43	F	0.518	0
44	H	0.533	0
45	L	0.530	0
46	M	0.523	0
47	P	0.527	0
48	D	0.511	0
49	N	0.529	0
50	T	0.507	0
51	D	0.517	0
52	Q	0.519	0
53	W	0.502	0
54	M	0.511	0
55	T	0.499	0
56	S	0.491	0
57	Q	0.486	0
58	K	0.495	0
59	N	0.492	0
60	F	0.495	0
61	W	0.505	0
62	Q	0.499	1
63	E	0.497	1
64	G	0.498	1
65	S	0.480	1
66	P	0.487	1
67	S	0.486	1
68	S	0.502	1
69	S	0.474	1
70	E	0.484	1
71	Y	0.470	1
72	L	0.448	1
73	H	0.448	1
74	Q	0.466	1
75	Q	0.450	1
76	A	0.481	1
77	V	0.481	1
78	Q	0.490	1
79	P	0.500	1
80	S	0.500	1
81	Q	0.490	1
82	Q	0.486	1
83	A	0.483	1
84	R	0.495	1
85	L	0.522	1
86	P	0.527	0
87	G	0.506	0
88	I	0.519	0
89	S	0.523	0
90	N	0.532	0
91	F	0.534	0
92	M	0.529	0
93	K	0.536	0
94	D	0.536	0
95	S	0.532	0
96	Q	0.520	0
97	L	0.537	0
98	S	0.525	0
99	V	0.524	0
100	K	0.528	0
101	P	0.533	0
102	A	0.534	0
103	A	0.526	0
104	Y	0.496	0
105	Y	0.491	0
106	C	0.490	0
107	S	0.501	0
108	P	0.500	0
109	T	0.519	0
110	M	0.511	0
111	N	0.498	0
112	D	0.501	0
113	Y	0.512	0
114	R	0.524	0
115	V	0.539	0
116	E	0.550	0
117	K	0.527	0
118	V	0.540	0
119	A	0.546	0
120	N	0.558	0
121	T	0.551	0
122	L	0.553	0
123	L	0.536	0
124	D	0.541	0
125	P	0.543	0
126	Y	0.553	0
127	V	0.544	0
128	Q	0.536	0
129	L	0.518	0
130	D	0.520	0
131	Q	0.529	0
132	P	0.530	0
133	T	0.515	0
134	Y	0.515	0
135	A	0.524	0
136	D	0.522	0
137	F	0.516	0
138	T	0.512	0
139	N	0.512	0
140	A	0.511	0
141	Q	0.520	0
142	V	0.520	0
143	L	0.534	0
144	N	0.529	0
145	H	0.544	0
146	Q	0.531	0
147	Q	0.531	0
148	E	0.524	0
149	M	0.541	0
150	L	0.543	0
151	Q	0.536	0
152	M	0.541	0
153	N	0.536	0
154	F	0.524	0
155	P	0.524	0
156	T	0.517	0
157	P	0.525	0
158	L	0.525	0
159	S	0.511	0
160	T	0.506	0
161	S	0.504	0
162	Y	0.504	0
163	M	0.508	0
164	N	0.503	0
165	T	0.509	0
166	A	0.509	0
167	Q	0.517	0
168	V	0.510	0
169	T	0.502	0
170	Q	0.509	0
171	T	0.514	0
172	H	0.522	0
173	Q	0.512	0
174	M	0.517	0
175	P	0.514	0
176	F	0.509	0
177	N	0.527	0
178	I	0.523	0
179	F	0.510	0
180	E	0.529	0
181	L	0.529	0
182	N	0.523	0
183	L	0.530	0
184	S	0.541	0
185	N	0.537	0
186	F	0.553	0
187	A	0.539	0
188	T	0.556	0
189	F	0.557	0
190	Q	0.564	0
191	P	0.564	0
192	A	0.562	0
193	C	0.557	0
194	D	0.550	0
195	T	0.541	0
196	P	0.543	0
197	L	0.541	0
198	P	0.537	0
199	L	0.543	0
200	L	0.526	0
201	N	0.520	1
202	S	0.530	1
203	S	0.528	1
204	P	0.500	1
205	T	0.499	1
206	H	0.499	1
207	P	0.499	1
208	Y	0.482	1
209	T	0.482	1
210	T	0.477	1
211	M	0.448	1
212	S	0.442	1
213	N	0.471	1
214	F	0.471	1
215	T	0.484	1
216	P	0.492	1
217	P	0.491	1
218	P	0.495	1
219	Q	0.505	1
220	D	0.511	1
221	P	0.518	1
222	L	0.514	1
223	V	0.510	0
224	A	0.524	0
225	E	0.522	0
226	P	0.539	0
227	K	0.541	0
228	P	0.536	0
229	M	0.562	0
230	K	0.571	0
231	K	0.566	0
232	R	0.561	0
233	M	0.558	0
234	A	0.558	0
235	A	0.565	0
236	V	0.560	0
237	Q	0.559	0
238	C	0.558	0
239	H	0.569	0
240	Q	0.568	0
241	N	0.560	0
242	S	0.556	0
243	I	0.556	0
244	C	0.546	0
245	S	0.558	0
246	N	0.560	0
247	C	0.551	0
248	K	0.560	0
249	T	0.536	0
250	R	0.543	0
251	E	0.549	0
252	T	0.548	0
253	T	0.555	0
254	L	0.556	0
255	W	0.549	0
256	R	0.558	0
257	R	0.558	0
258	N	0.557	0
259	G	0.562	0
260	E	0.566	0
261	G	0.571	0
262	G	0.563	0
263	V	0.573	0
264	E	0.573	0
265	C	0.562	0
266	N	0.563	0
267	A	0.569	0
268	C	0.569	0
269	N	0.563	0
270	L	0.558	0
271	Y	0.550	0
272	F	0.567	0
273	R	0.572	0
274	K	0.568	0
275	N	0.572	0
276	N	0.559	0
277	R	0.563	0
278	K	0.566	0
279	R	0.563	0
280	P	0.558	0
281	L	0.559	0
282	S	0.565	0
283	L	0.555	0
284	R	0.555	0
285	K	0.548	0
286	D	0.545	0
287	G	0.548	0
288	I	0.542	0
289	M	0.538	0
290	K	0.536	0
291	R	0.536	0
292	N	0.529	0
293	R	0.529	0
294	R	0.502	0
295	P	0.521	0
296	R	0.507	0
297	N	0.508	0
298	E	0.512	0
299	S	0.491	0
300	P	0.502	0
301	N	0.475	0
302	S	0.472	0
303	A	0.489	0
304	I	0.483	0
305	R	0.472	0
306	N	0.491	0
307	T	0.497	0
308	H	0.509	0
309	Q	-	0
310	R	-	0
311	H	-	0
312	G	-	0
313	H	-	0
314	A	-	0
315	A	-	0
316	A	-	0
317	C	-	0

#Residue in Purple denoted driving residues
>Q10655
Pos	AA	Prob	DRegion
1	M	-	0
2	D	-	0
3	N	-	0
4	N	-	0
5	Y	-	0
6	N	-	0
7	D	-	0
8	N	-	0
9	V	-	0
10	N	-	0
11	G	0.761	0
12	W	0.761	0
13	A	0.749	0
14	E	0.743	0
15	M	0.746	0
16	E	0.746	0
17	P	0.740	0
18	S	0.749	0
19	Q	0.764	0
20	P	0.734	0
21	M	0.734	0
22	G	0.734	0
23	G	0.722	0
24	L	0.722	0
25	R	0.726	0
26	L	0.715	0
27	P	0.713	0
28	T	0.713	0
29	Q	0.717	0
30	N	0.716	0
31	M	0.718	0
32	D	0.709	0
33	P	0.717	0
34	P	0.733	0
35	E	0.725	0
36	Q	0.760	0
37	N	0.750	0
38	N	0.758	0
39	E	0.756	0
40	S	0.749	0
41	Q	0.760	0
42	L	0.759	0
43	S	0.765	0
44	E	0.760	0
45	L	0.771	0
46	P	0.772	0
47	R	0.766	0
48	M	0.769	0
49	K	0.764	0
50	I	0.764	0
51	D	0.768	0
52	N	0.768	0
53	D	0.768	0
54	Y	0.767	0
55	A	0.771	0
56	S	0.766	0
57	P	0.772	0
58	I	0.759	0
59	E	0.753	0
60	R	0.753	0
61	Q	0.751	0
62	S	0.751	0
63	V	0.749	0
64	I	0.747	0
65	T	0.750	0
66	S	0.744	0
67	G	0.741	0
68	T	0.749	0
69	N	0.748	0
70	N	0.745	0
71	Y	0.754	0
72	E	0.749	0
73	P	0.761	0
74	K	0.756	0
75	V	0.740	0
76	E	0.749	0
77	T	0.757	0
78	V	0.758	0
79	T	0.769	0
80	S	0.757	0
81	F	0.757	0
82	F	0.761	0
83	H	0.756	0
84	T	0.767	0
85	G	0.778	0
86	I	0.779	0
87	D	0.782	0
88	Y	0.782	0
89	S	0.772	0
90	N	0.787	0
91	F	0.779	0
92	G	0.760	0
93	M	0.760	0
94	L	0.740	0
95	D	0.740	0
96	Q	0.737	0
97	T	0.737	0
98	T	0.731	0
99	M	0.752	0
100	Q	0.759	0
101	P	0.750	0
102	F	0.735	0
103	Y	0.766	0
104	P	0.753	0
105	L	0.753	0
106	Y	0.747	0
107	S	0.751	0
108	G	0.760	0
109	I	0.768	0
110	P	0.763	0
111	V	0.763	0
112	N	0.775	0
113	T	0.761	0
114	L	0.767	0
115	G	0.784	0
116	T	0.785	0
117	F	0.786	0
118	S	0.784	0
119	G	0.782	0
120	Y	0.776	0
121	T	0.790	0
122	N	0.779	0
123	S	0.778	0
124	I	0.785	0
125	Y	0.776	0
126	D	0.775	0
127	K	0.782	0
128	P	0.770	0
129	S	0.771	0
130	L	0.774	0
131	Y	0.775	0
132	D	0.778	0
133	P	0.776	0
134	S	0.775	0
135	I	0.771	0
136	P	0.754	0
137	T	0.757	0
138	I	0.760	0
139	N	0.771	0
140	I	0.760	0
141	P	0.729	0
142	S	0.729	0
143	T	0.717	0
144	Y	0.723	0
145	P	0.737	0
146	T	0.717	0
147	V	0.731	0
148	A	0.726	0
149	P	0.719	0
150	T	0.729	0
151	Y	0.720	0
152	E	0.726	0
153	C	0.726	0
154	V	0.726	0
155	K	0.751	0
156	C	0.746	0
157	S	0.765	0
158	Q	0.765	0
159	S	0.749	0
160	C	0.750	0
161	G	0.749	0
162	A	0.748	0
163	G	0.760	0
164	M	0.760	0
165	K	0.760	0
166	A	0.756	0
167	V	0.756	0
168	N	0.756	0
169	G	0.763	1
170	G	0.753	1
171	M	0.760	1
172	M	0.758	1
173	C	0.752	1
174	V	0.766	1
175	N	0.758	1
176	C	0.748	1
177	S	0.730	1
178	T	0.730	1
179	P	0.717	1
180	K	0.733	1
181	T	0.735	1
182	T	0.725	1
183	Y	0.730	1
184	S	0.756	1
185	P	0.740	1
186	P	0.738	1
187	V	0.737	1
188	A	0.721	1
189	Y	0.727	1
190	S	0.750	0
191	T	0.751	0
192	S	0.762	0
193	L	0.749	0
194	G	0.756	0
195	Q	0.755	0
196	P	0.753	0
197	P	0.753	0
198	I	0.735	0
199	L	0.735	0
200	E	0.756	0
201	I	0.759	0
202	P	0.758	0
203	S	0.756	0
204	E	0.728	0
205	Q	0.720	0
206	P	0.735	0
207	T	0.746	0
208	A	0.759	0
209	K	0.747	0
210	I	0.731	0
211	A	0.732	0
212	K	0.735	0
213	Q	0.747	0
214	S	0.733	0
215	S	0.735	0
216	K	0.739	0
217	K	0.740	0
218	S	0.744	0
219	S	0.747	0
220	S	0.750	0
221	S	0.737	0
222	N	0.738	0
223	R	0.736	0
224	G	0.736	0
225	S	0.746	0
226	N	0.752	0
227	G	0.757	0
228	S	0.763	0
229	A	0.763	0
230	S	0.755	0
231	R	0.762	0
232	R	0.763	0
233	Q	0.761	0
234	G	0.759	0
235	L	0.763	0
236	V	0.766	0
237	C	0.762	0
238	S	0.772	0
239	N	0.782	0
240	C	0.781	0
241	N	0.778	0
242	G	0.776	0
243	T	0.790	0
244	N	0.774	0
245	T	0.774	0
246	T	0.768	0
247	L	0.763	0
248	W	0.762	0
249	R	0.769	0
250	R	0.769	0
251	N	0.762	0
252	A	0.766	0
253	E	0.766	0
254	G	0.785	0
255	D	0.775	0
256	P	0.782	0
257	V	0.786	0
258	C	0.786	0
259	N	0.785	0
260	A	0.788	0
261	C	0.784	0
262	G	0.777	0
263	L	0.772	0
264	Y	0.767	0
265	F	0.773	0
266	K	0.778	0
267	L	0.786	0
268	H	0.768	0
269	H	0.765	0
270	I	0.763	0
271	P	0.761	0
272	R	0.761	0
273	P	0.766	0
274	T	0.754	0
275	S	0.748	0
276	M	0.751	0
277	K	0.751	0
278	K	0.738	0
279	E	0.738	0
280	G	0.735	0
281	A	0.732	0
282	L	0.739	0
283	Q	0.734	0
284	T	0.734	0
285	R	0.736	0
286	K	0.736	1
287	R	0.732	1
288	K	0.731	1
289	S	0.727	1
290	K	0.726	1
291	S	0.741	1
292	G	0.742	1
293	D	0.724	1
294	S	0.724	1
295	S	0.719	1
296	T	0.719	1
297	P	0.719	1
298	S	0.729	1
299	T	0.733	1
300	S	0.725	1
301	R	0.725	1
302	A	0.725	1
303	R	0.732	1
304	E	0.740	1
305	R	0.732	1
306	K	0.743	1
307	F	0.743	1
308	E	0.745	0
309	R	0.748	0
310	A	0.746	0
311	S	0.746	0
312	S	0.747	0
313	S	0.753	0
314	T	0.753	0
315	E	0.746	0
316	K	0.751	0
317	A	0.752	0
318	Q	0.741	0
319	R	0.740	0
320	S	0.743	0
321	S	0.743	0
322	N	0.742	0
323	R	0.738	0
324	R	0.734	0
325	A	0.754	0
326	G	0.751	0
327	S	0.747	0
328	A	0.747	0
329	K	0.745	0
330	A	0.749	0
331	D	0.740	0
332	R	0.733	0
333	E	0.741	0
334	L	0.732	0
335	S	0.733	0
336	T	0.731	0
337	A	0.731	0
338	A	0.757	0
339	V	0.749	0
340	A	0.748	0
341	A	0.748	0
342	A	0.748	0
343	T	0.767	0
344	A	0.789	0
345	T	0.747	0
346	Y	0.754	0
347	V	0.750	0
348	S	0.768	0
349	H	0.768	0
350	A	0.769	0
351	D	0.759	0
352	L	0.766	0
353	Y	0.792	0
354	P	0.788	0
355	V	0.791	0
356	S	0.804	0
357	S	0.796	0
358	A	0.794	0
359	A	0.794	0
360	V	0.783	0
361	T	0.779	0
362	L	0.776	0
363	P	0.747	0
364	D	0.770	0
365	Q	0.777	0
366	T	0.773	0
367	Y	0.763	0
368	S	0.753	0
369	N	0.756	0
370	Y	0.756	0
371	Y	0.733	0
372	Q	0.755	0
373	W	0.736	0
374	N	0.765	0
375	T	0.763	0
376	A	0.751	0
377	A	0.758	0
378	T	0.760	0
379	A	0.755	0
380	G	0.755	0
381	L	0.755	0
382	M	0.751	0
383	M	0.754	0
384	V	0.760	0
385	P	0.756	0
386	N	0.756	0
387	D	0.757	0
388	Q	0.759	1
389	N	0.758	1
390	Y	0.736	1
391	V	0.736	1
392	Y	0.736	1
393	A	0.748	1
394	A	0.729	1
395	T	0.725	1
396	N	0.740	1
397	Y	0.740	1
398	Q	0.714	1
399	T	0.714	1
400	G	0.709	1
401	L	0.718	1
402	R	0.718	1
403	P	0.727	1
404	A	0.721	1
405	D	0.721	1
406	N	0.726	1
407	I	0.730	1
408	Q	0.743	1
409	V	0.741	1
410	H	0.741	1
411	V	0.759	1
412	M	0.741	1
413	P	0.753	0
414	V	0.752	0
415	Q	0.754	0
416	D	0.754	0
417	D	0.758	0
418	E	0.757	0
419	T	0.767	0
420	K	0.767	0
421	A	0.767	0
422	A	0.759	0
423	A	0.764	0
424	R	0.772	0
425	D	-	0
426	L	-	0
427	E	-	0
428	A	-	0
429	V	-	0
430	D	-	0
431	G	-	0
432	D	-	0
433	S	-	0

#Residue in Purple denoted driving residues
>P22980
Pos	AA	Prob	DRegion
1	M	-	0
2	N	-	0
3	T	-	0
4	E	-	0
5	T	-	0
6	S	-	0
7	T	-	0
8	Q	-	0
9	S	-	0
10	A	-	0
11	P	0.594	0
12	S	0.594	0
13	D	0.594	0
14	T	0.592	0
15	Y	0.589	0
16	D	0.593	0
17	T	0.590	0
18	S	0.598	0
19	I	0.598	0
20	Y	0.594	0
21	Y	0.589	0
22	N	0.586	0
23	S	0.597	0
24	S	0.598	0
25	P	0.598	0
26	R	0.612	0
27	V	0.605	0
28	T	0.617	0
29	A	0.618	0
30	N	0.608	0
31	D	0.618	0
32	I	0.600	0
33	T	0.606	0
34	T	0.602	0
35	L	0.592	0
36	T	0.605	0
37	S	0.605	0
38	F	0.600	0
39	A	0.604	0
40	A	0.604	0
41	P	0.604	1
42	A	0.610	1
43	P	0.604	1
44	Q	0.602	1
45	V	0.599	1
46	L	0.592	1
47	D	0.604	1
48	Y	0.606	1
49	A	0.601	1
50	N	0.588	1
51	T	0.577	1
52	Q	0.576	1
53	Y	0.581	1
54	D	0.594	1
55	I	0.602	1
56	Y	0.598	1
57	R	0.584	1
58	N	0.585	1
59	Q	0.596	1
60	P	0.580	1
61	A	0.587	1
62	Y	0.595	1
63	Y	0.587	0
64	L	0.586	0
65	P	0.591	0
66	S	0.595	0
67	Y	0.595	0
68	A	0.594	0
69	P	0.593	0
70	T	0.609	0
71	A	0.615	0
72	P	0.601	0
73	T	0.606	0
74	T	0.597	0
75	F	0.591	0
76	Y	0.592	0
77	S	0.596	0
78	D	0.601	0
79	F	0.598	0
80	A	0.597	0
81	N	0.604	0
82	F	0.604	0
83	N	0.613	0
84	V	0.614	0
85	T	0.608	0
86	R	0.607	0
87	S	0.611	0
88	Q	0.612	0
89	D	0.608	0
90	F	0.601	0
91	A	0.602	0
92	S	0.609	0
93	V	0.602	0
94	P	0.606	0
95	A	0.600	0
96	V	0.612	0
97	A	0.608	0
98	N	0.607	0
99	S	0.609	0
100	S	0.608	0
101	D	0.607	0
102	V	0.598	0
103	K	0.598	0
104	P	0.599	0
105	I	0.599	0
106	I	0.588	0
107	I	0.590	0
108	K	0.584	0
109	Q	0.589	0
110	E	0.594	0
111	K	0.594	0
112	S	0.597	0
113	T	0.592	0
114	P	0.598	0
115	N	0.603	0
116	A	0.604	0
117	T	0.595	0
118	E	0.601	0
119	L	0.602	0
120	I	0.610	0
121	I	0.610	1
122	Q	0.606	1
123	S	0.602	1
124	R	0.602	1
125	V	0.605	1
126	D	0.603	1
127	S	0.602	1
128	Q	0.611	1
129	H	0.598	1
130	E	0.579	1
131	D	0.569	1
132	T	0.567	1
133	T	0.576	1
134	T	0.578	1
135	S	0.569	1
136	T	0.567	1
137	A	0.577	1
138	G	0.576	1
139	G	0.572	1
140	A	0.572	1
141	G	0.576	1
142	V	0.575	1
143	G	0.586	1
144	G	0.584	1
145	P	0.589	1
146	R	0.592	1
147	R	0.592	1
148	T	0.593	1
149	K	0.597	1
150	F	0.607	1
151	V	0.607	1
152	L	0.613	1
153	S	0.600	0
154	V	0.613	0
155	D	0.618	0
156	R	0.613	0
157	R	0.613	0
158	K	0.613	0
159	A	0.645	0
160	A	0.647	0
161	T	0.642	0
162	M	0.642	0
163	R	0.615	0
164	E	0.615	0
165	R	0.610	0
166	R	0.627	0
167	R	0.620	0
168	L	0.614	0
169	R	0.610	0
170	K	0.613	0
171	V	0.613	0
172	N	0.631	0
173	E	0.622	0
174	A	0.643	0
175	F	0.632	0
176	E	0.620	0
177	V	0.608	0
178	V	0.603	0
179	K	0.597	0
180	Q	0.597	0
181	R	0.614	0
182	T	0.604	0
183	C	0.591	0
184	P	0.590	0
185	N	0.589	0
186	P	0.585	0
187	N	0.594	0
188	Q	0.592	0
189	R	0.595	0
190	L	0.601	0
191	P	0.601	0
192	K	0.601	0
193	V	0.599	0
194	E	0.583	0
195	I	0.594	0
196	L	0.594	0
197	R	0.610	0
198	S	0.616	0
199	A	0.624	0
200	I	0.615	0
201	D	0.615	0
202	Y	0.623	0
203	I	0.621	0
204	N	0.614	0
205	N	0.602	0
206	L	0.622	0
207	E	0.610	0
208	R	0.600	0
209	M	0.602	0
210	L	0.598	0
211	Q	0.602	0
212	Q	0.608	0
213	A	0.599	0
214	G	0.599	0
215	K	0.594	0
216	M	0.602	0
217	T	0.602	0
218	K	0.606	1
219	I	0.614	1
220	M	0.601	1
221	E	0.598	1
222	Q	0.598	1
223	N	0.596	1
224	Q	0.599	1
225	H	0.599	1
226	L	0.599	1
227	Q	0.580	1
228	M	0.578	1
229	T	0.592	1
230	Q	0.598	1
231	Q	0.582	1
232	I	0.593	1
233	N	0.595	1
234	G	0.602	1
235	A	0.604	1
236	P	0.604	1
237	P	0.599	1
238	H	0.604	1
239	D	0.608	0
240	Y	0.600	0
241	V	0.603	0
242	T	0.607	0
243	S	0.606	0
244	S	0.606	0
245	H	0.617	0
246	F	0.601	0
247	A	0.617	0
248	S	0.626	0
249	S	0.618	0
250	S	0.618	0
251	Y	0.627	0
252	N	0.616	0
253	P	0.625	0
254	E	0.613	0
255	N	0.606	0
256	M	0.607	0
257	F	0.606	0
258	D	0.598	0
259	D	0.584	0
260	D	0.591	0
261	D	0.583	0
262	L	0.585	0
263	T	0.590	0
264	D	0.595	0
265	S	0.606	0
266	D	0.602	0
267	D	0.597	0
268	D	0.605	0
269	R	0.597	0
270	D	0.597	0
271	H	0.614	0
272	H	0.614	0
273	K	0.605	0
274	L	0.604	0
275	G	0.602	0
276	N	0.602	0
277	A	0.617	0
278	V	0.617	0
279	D	0.613	0
280	L	0.643	0
281	R	0.642	0
282	R	0.640	0
283	R	0.627	0
284	N	0.632	0
285	S	0.619	0
286	L	0.623	0
287	D	0.639	0
288	R	0.637	0
289	L	0.628	0
290	S	0.633	0
291	R	0.627	0
292	I	0.629	0
293	V	0.627	0
294	A	0.629	0
295	S	0.623	0
296	I	0.628	0
297	P	0.610	0
298	N	0.629	0
299	E	0.639	0
300	E	0.625	0
301	A	0.619	0
302	M	0.613	0
303	T	0.621	0
304	D	0.605	0
305	E	0.600	0
306	Q	0.598	0
307	L	0.595	0
308	L	0.598	0
309	Q	0.602	0
310	P	0.601	0
311	A	0.602	0
312	N	0.612	0
313	D	0.614	0
314	V	0.610	0
315	I	0.615	0
316	D	-	0
317	G	-	0
318	E	-	0
319	K	-	0
320	K	-	0
321	L	-	0
322	E	-	0
323	M	-	0
324	L	-	0

#Residue in Purple denoted driving residues
>Q18612
Pos	AA	Prob	DRegion
1	M	-	0
2	V	-	0
3	K	-	0
4	S	-	0
5	T	-	0
6	T	-	0
7	A	-	0
8	G	-	0
9	N	-	0
10	N	-	0
11	A	0.434	0
12	V	0.434	0
13	S	0.417	0
14	S	0.422	0
15	L	0.419	0
16	E	0.426	1
17	S	0.425	1
18	T	0.357	1
19	D	0.367	1
20	S	0.344	1
21	K	0.359	1
22	K	0.355	1
23	S	0.342	1
24	R	0.325	1
25	K	0.319	1
26	E	0.271	1
27	K	0.299	1
28	S	0.285	1
29	R	0.321	1
30	E	0.322	1
31	K	0.315	1
32	E	0.317	1
33	H	0.325	1
34	R	0.332	1
35	R	0.346	1
36	A	0.340	1
37	Q	0.361	1
38	C	0.352	1
39	I	0.337	0
40	N	0.387	0
41	S	0.406	0
42	A	0.398	0
43	F	0.389	0
44	E	0.401	0
45	I	0.402	0
46	L	0.407	0
47	Q	0.408	0
48	Q	0.402	0
49	H	0.392	0
50	I	0.391	0
51	P	0.401	0
52	Y	0.412	0
53	L	0.406	0
54	K	0.403	0
55	S	0.405	0
56	E	0.402	0
57	E	0.401	0
58	R	0.407	0
59	K	0.414	0
60	S	0.441	0
61	L	0.452	0
62	P	0.415	0
63	K	0.405	0
64	I	0.408	0
65	K	0.406	0
66	T	0.394	0
67	L	0.400	0
68	R	0.403	0
69	L	0.411	0
70	A	0.411	0
71	M	0.405	0
72	Q	0.405	0
73	Y	0.398	0
74	I	0.424	0
75	D	0.403	0
76	H	0.416	0
77	L	0.436	0
78	K	0.436	0
79	K	0.436	0
80	L	0.441	0
81	L	0.420	0
82	G	0.418	0
83	G	0.414	0
84	N	0.431	0
85	E	0.424	0
86	M	0.420	0
87	L	0.424	0
88	E	0.424	0
89	T	0.410	0
90	D	0.422	0
91	C	0.415	0
92	N	0.408	0
93	E	0.396	0
94	S	0.385	0
95	R	0.387	0
96	P	0.378	0
97	L	0.392	0
98	T	0.397	0
99	H	0.387	0
100	S	0.393	0
101	D	0.385	0
102	F	0.345	0
103	R	0.371	0
104	V	0.334	0
105	N	0.333	1
106	I	0.325	1
107	S	0.314	1
108	N	0.312	1
109	E	0.320	1
110	I	0.320	1
111	R	0.312	1
112	I	0.316	1
113	R	0.319	1
114	N	0.309	1
115	S	0.303	1
116	Y	0.319	1
117	R	0.309	1
118	E	0.305	1
119	R	0.320	1
120	A	0.318	1
121	H	0.317	1
122	N	0.323	1
123	Q	0.324	1
124	E	0.343	1
125	L	0.368	1
126	D	0.375	0
127	E	0.370	0
128	A	0.397	0
129	T	0.414	0
130	V	0.398	0
131	K	0.414	0
132	R	0.393	0
133	I	0.411	0
134	L	0.419	0
135	A	0.425	0
136	R	0.406	0
137	E	0.425	0
138	D	0.415	0
139	Q	0.386	0
140	R	0.411	0
141	R	0.408	0
142	R	0.409	0
143	C	0.409	0
144	S	0.412	0
145	S	0.385	0
146	V	0.374	0
147	P	0.378	0
148	E	0.380	0
149	G	0.356	0
150	I	0.368	0
151	Q	0.389	0
152	R	0.384	0
153	Y	0.367	0
154	T	0.380	0
155	P	0.340	0
156	Y	0.340	0
157	Q	0.325	0
158	S	0.322	0
159	R	0.348	0
160	Q	0.378	0
161	F	0.327	0
162	G	0.341	0
163	P	0.341	0
164	I	0.348	0
165	S	0.364	0
166	N	0.371	0
167	N	0.401	0
168	V	0.399	0
169	C	0.406	0
170	N	0.402	0
171	F	0.395	0
172	R	0.393	0
173	H	0.394	0
174	V	0.411	0
175	D	0.408	0
176	A	0.386	0
177	N	0.388	0
178	Q	0.388	0
179	Y	0.379	0
180	N	0.337	0
181	T	0.343	0
182	N	0.351	0
183	F	0.356	0
184	M	0.350	0
185	E	0.338	0
186	Y	0.343	0
187	Q	0.335	0
188	T	0.346	0
189	Q	0.315	0
190	M	0.330	0
191	V	0.341	0
192	Q	0.355	1
193	V	0.348	1
194	A	0.325	1
195	N	0.336	1
196	F	0.331	1
197	P	0.330	1
198	N	0.332	1
199	Q	0.323	1
200	F	0.342	1
201	S	0.310	1
202	H	0.299	1
203	E	0.304	1
204	Y	0.316	1
205	Y	0.299	1
206	N	0.287	1
207	Y	0.287	1
208	G	0.328	1
209	T	0.327	1
210	F	0.345	1
211	P	0.331	1
212	V	0.331	1
213	I	0.322	1
214	D	0.328	1
215	P	0.321	1
216	T	0.346	1
217	S	0.344	1
218	L	-	0
219	E	-	0
220	N	-	0
221	S	-	0
222	N	-	0
223	P	-	0
224	I	-	0
225	L	-	0
226	Q	-	0


#Residue in Purple denoted driving residues
>Q17381
Pos	AA	Prob	DRegion
1	M	-	0
2	T	-	0
3	S	-	0
4	P	-	0
5	S	-	0
6	S	-	0
7	D	-	0
8	E	-	0
9	D	-	0
10	I	-	0
11	I	0.815	0
12	D	0.814	0
13	I	0.815	0
14	R	0.814	0
15	V	0.814	0
16	I	0.813	0
17	K	0.813	0
18	E	0.818	0
19	E	0.820	0
20	P	0.817	0
21	E	0.813	0
22	S	0.814	0
23	E	0.812	0
24	P	0.809	0
25	D	0.807	0
26	S	0.812	0
27	E	0.813	0
28	A	0.801	0
29	E	0.807	0
30	P	0.810	0
31	A	0.812	0
32	T	0.813	0
33	T	0.813	0
34	T	0.812	0
35	N	0.810	0
36	S	0.813	0
37	T	0.811	0
38	D	0.811	0
39	S	0.815	0
40	E	0.819	0
41	D	0.822	0
42	S	0.827	0
43	V	0.826	0
44	E	0.826	0
45	Q	0.826	0
46	E	0.825	0
47	N	0.826	0
48	K	0.824	0
49	K	0.824	0
50	L	0.822	0
51	L	0.822	0
52	E	0.827	0
53	T	0.825	0
54	E	0.826	0
55	K	0.828	0
56	N	0.826	0
57	R	0.829	0
58	K	0.826	0
59	R	0.827	0
60	E	0.826	0
61	Q	0.824	0
62	K	0.822	0
63	H	0.820	0
64	K	0.814	0
65	M	0.815	0
66	L	0.814	0
67	P	0.813	0
68	N	0.817	0
69	G	0.816	0
70	T	0.820	0
71	T	0.817	0
72	S	0.823	0
73	G	0.815	0
74	T	0.819	0
75	S	0.819	0
76	D	0.819	0
77	T	0.815	0
78	G	0.816	0
79	N	0.809	0
80	Q	0.814	0
81	V	0.812	0
82	P	0.810	0
83	A	0.811	0
84	T	0.811	0
85	S	0.811	0
86	S	0.802	0
87	A	0.804	0
88	A	0.802	0
89	S	0.813	0
90	S	0.806	0
91	V	0.813	0
92	D	0.815	0
93	Y	0.810	0
94	T	0.810	0
95	A	0.810	0
96	M	0.811	0
97	N	0.811	0
98	A	0.817	0
99	Q	0.824	0
100	D	0.823	0
101	Y	0.822	0
102	L	0.824	0
103	P	0.822	0
104	T	0.812	0
105	Y	0.812	0
106	S	0.813	0
107	N	0.823	0
108	T	0.819	0
109	T	0.818	0
110	L	0.817	0
111	N	0.810	0
112	Y	0.808	0
113	Q	0.811	0
114	P	0.811	0
115	Y	0.816	0
116	Q	0.816	0
117	Y	0.820	0
118	Q	0.823	0
119	T	0.817	0
120	A	0.822	0
121	A	0.812	0
122	N	0.821	0
123	G	0.811	0
124	L	0.813	0
125	L	0.823	0
126	N	0.817	0
127	Y	0.821	0
128	N	0.819	0
129	N	0.819	0
130	Y	0.825	0
131	S	0.830	0
132	Q	0.836	0
133	Y	0.836	0
134	A	0.840	0
135	T	0.841	0
136	A	0.838	0
137	N	0.830	0
138	Q	0.830	0
139	L	0.830	0
140	G	0.832	0
141	S	0.833	0
142	N	0.832	0
143	Y	0.826	0
144	I	0.821	0
145	S	0.821	0
146	P	0.822	0
147	A	0.826	0
148	N	0.823	0
149	F	0.825	0
150	M	0.818	0
151	Q	0.822	1
152	G	0.818	1
153	G	0.820	1
154	G	0.819	1
155	I	0.817	1
156	S	0.814	1
157	P	0.810	1
158	L	0.810	1
159	G	0.808	1
160	F	0.803	1
161	T	0.797	1
162	T	0.798	1
163	G	0.795	1
164	T	0.803	1
165	T	0.812	1
166	G	0.808	1
167	A	0.803	1
168	T	0.805	1
169	T	0.805	1
170	A	0.804	1
171	A	0.805	1
172	A	0.806	1
173	S	0.798	1
174	V	0.806	1
175	A	0.798	1
176	T	0.790	1
177	S	0.797	1
178	S	0.809	1
179	A	0.796	1
180	S	0.795	1
181	A	0.799	1
182	V	0.801	1
183	I	0.811	1
184	G	0.808	1
185	R	0.808	1
186	S	0.808	1
187	N	0.802	1
188	G	0.802	1
189	R	0.798	1
190	S	0.798	1
191	S	0.797	1
192	S	0.799	1
193	T	0.796	1
194	V	0.793	1
195	A	0.804	1
196	A	0.805	1
197	S	0.803	1
198	P	0.796	1
199	A	0.796	1
200	D	0.792	1
201	R	0.788	1
202	S	0.791	1
203	Y	0.784	1
204	S	0.786	1
205	G	0.787	1
206	V	0.793	1
207	S	0.799	1
208	G	0.786	1
209	G	0.796	1
210	Q	0.799	1
211	G	0.796	1
212	Q	0.799	1
213	E	0.798	1
214	L	0.809	1
215	T	0.805	1
216	I	0.810	1
217	Q	0.814	1
218	E	0.811	1
219	F	0.818	1
220	E	0.821	1
221	T	0.813	1
222	V	0.821	0
223	T	0.826	0
224	E	0.814	0
225	K	0.810	0
226	I	0.818	0
227	R	0.815	0
228	R	0.814	0
229	H	0.810	0
230	G	0.809	0
231	T	0.811	0
232	Y	0.814	0
233	G	0.817	0
234	Q	0.818	0
235	S	0.821	0
236	K	0.821	0
237	P	0.821	0
238	P	0.821	0
239	Y	0.812	0
240	S	0.811	0
241	Y	0.823	0
242	I	0.825	0
243	S	0.827	0
244	L	0.835	0
245	I	0.836	0
246	T	0.832	0
247	M	0.830	0
248	A	0.830	0
249	I	0.837	0
250	Q	0.839	0
251	K	0.839	0
252	S	0.841	0
253	N	0.841	0
254	S	0.838	0
255	R	0.830	0
256	Q	0.838	0
257	L	0.834	0
258	T	0.834	0
259	L	0.837	0
260	S	0.838	0
261	E	0.839	0
262	I	0.838	0
263	Y	0.837	0
264	N	0.841	0
265	W	0.837	0
266	I	0.838	0
267	M	0.843	0
268	D	0.835	0
269	L	0.834	0
270	F	0.831	0
271	P	0.831	0
272	Y	0.827	0
273	Y	0.824	0
274	Q	0.826	0
275	N	0.818	0
276	N	0.821	0
277	Q	0.823	0
278	Q	0.830	0
279	R	0.829	0
280	W	0.829	0
281	Q	0.829	0
282	N	0.834	0
283	S	0.833	0
284	I	0.829	0
285	R	0.830	0
286	H	0.834	0
287	S	0.827	0
288	L	0.833	0
289	S	0.833	0
290	F	0.833	0
291	N	0.825	0
292	D	0.828	0
293	C	0.828	0
294	F	0.824	0
295	V	0.822	0
296	K	0.817	0
297	V	0.815	0
298	A	0.813	0
299	R	0.808	0
300	S	0.803	0
301	P	0.802	0
302	D	0.804	0
303	K	0.813	0
304	P	0.811	0
305	G	0.810	0
306	K	0.814	0
307	G	0.814	0
308	S	0.811	0
309	F	0.812	0
310	W	0.817	0
311	T	0.817	0
312	L	0.818	0
313	H	0.815	0
314	E	0.812	0
315	H	0.811	0
316	C	0.826	0
317	G	0.828	0
318	N	0.832	0
319	M	0.830	0
320	F	0.826	0
321	E	0.821	0
322	N	0.824	0
323	G	0.823	0
324	C	0.823	0
325	Y	0.821	0
326	L	0.819	0
327	R	0.814	0
328	R	0.812	0
329	Q	0.815	0
330	K	0.814	0
331	R	0.818	0
332	F	0.809	0
333	K	0.811	0
334	V	0.809	0
335	K	0.806	0
336	E	0.811	0
337	R	0.807	1
338	E	0.808	1
339	P	0.814	1
340	S	0.814	1
341	R	0.807	1
342	K	0.815	1
343	K	0.816	1
344	R	0.813	1
345	N	0.801	1
346	A	0.799	1
347	N	0.796	1
348	S	0.804	1
349	Q	0.805	1
350	Q	0.813	1
351	L	0.802	1
352	H	0.800	1
353	Q	0.804	1
354	Q	0.804	1
355	Q	0.804	1
356	H	0.801	1
357	I	0.804	1
358	P	0.797	1
359	K	0.798	1
360	M	0.801	1
361	E	0.805	1
362	I	0.796	1
363	K	0.798	1
364	E	0.800	1
365	E	0.803	1
366	D	0.809	1
367	P	0.813	1
368	T	0.809	1
369	S	0.805	1
370	I	0.808	1
371	T	0.810	1
372	T	0.813	1
373	T	0.813	0
374	S	0.814	0
375	S	0.814	0
376	L	0.821	0
377	G	0.827	0
378	A	0.833	0
379	Y	0.832	0
380	S	0.825	0
381	L	0.822	0
382	I	0.828	0
383	P	0.821	0
384	Q	0.828	0
385	I	0.820	0
386	S	0.822	0
387	T	0.822	0
388	K	0.816	1
389	K	0.826	1
390	E	0.828	1
391	I	0.830	1
392	K	0.822	1
393	E	0.820	1
394	E	0.819	1
395	L	0.810	1
396	K	0.807	1
397	A	0.802	1
398	V	0.796	1
399	Q	0.802	1
400	D	0.800	1
401	A	0.809	1
402	T	0.809	1
403	A	0.808	1
404	A	0.807	1
405	A	0.807	1
406	A	0.807	1
407	N	0.801	1
408	L	0.802	1
409	G	0.805	0
410	L	0.799	0
411	I	0.797	0
412	D	0.799	0
413	P	0.801	0
414	S	0.801	0
415	G	0.809	0
416	T	0.809	0
417	P	0.816	0
418	S	0.815	0
419	A	0.814	0
420	V	0.822	0
421	N	0.823	0
422	H	0.823	0
423	S	0.824	0
424	Q	0.823	0
425	P	0.819	0
426	T	0.822	0
427	S	0.828	0
428	V	0.827	0
429	I	0.825	0
430	S	0.824	0
431	S	0.824	0
432	V	0.825	0
433	G	0.826	0
434	T	0.825	0
435	L	0.826	0
436	G	0.834	0
437	T	0.831	0
438	T	0.825	0
439	Q	0.825	0
440	A	0.821	0
441	Q	0.821	0
442	M	0.825	0
443	T	0.818	0
444	L	0.831	0
445	N	0.832	0
446	G	0.828	0
447	Q	0.835	0
448	Y	0.831	0
449	A	0.832	0
450	S	0.830	0
451	P	0.831	0
452	Y	0.835	0
453	L	0.836	0
454	Y	0.835	0
455	S	0.829	0
456	S	0.832	0
457	D	0.837	0
458	F	0.837	0
459	A	0.841	0
460	T	0.844	0
461	I	0.842	0
462	L	0.847	0
463	P	0.849	0
464	Q	0.849	0
465	S	0.849	0
466	Q	0.849	0
467	N	0.844	0
468	F	0.847	0
469	L	0.841	0
470	N	0.846	0
471	N	0.843	0
472	T	0.839	0
473	L	0.837	0
474	Y	0.836	0
475	N	0.833	0
476	T	0.832	0
477	T	0.837	0
478	S	0.837	0
479	S	0.835	0
480	Y	0.825	0
481	P	0.827	0
482	G	0.824	0
483	I	0.822	0
484	D	0.823	0
485	Y	0.824	0
486	T	0.826	0
487	N	0.827	0
488	G	0.834	0
489	V	0.825	0
490	Y	0.823	0
491	Q	0.821	0
492	N	0.824	0
493	T	0.829	0
494	L	0.826	0
495	Y	0.830	0
496	S	0.829	0
497	S	0.831	0
498	T	-	0
499	N	-	0
500	P	-	0
501	N	-	0
502	S	-	0
503	A	-	0
504	A	-	0
505	N	-	0
506	L	-	0